# a, ell, eps, ell*eps, acc_rate, tau_int_x, tau_int_x_err, tau_int_x2, tau_int_x2_err, CPU time
1.000000000000000021e-02 3.000000000000000000e+00 3.333333333333333148e-01 1.000000000000000000e+00 6.587777777777777954e-01 2.641531295682268521e+00 1.968881180612883086e-01 2.244421919404062216e+00 1.533232060411598152e-01 -1.058421516418457031e+01
1.172102297533480011e-02 3.000000000000000000e+00 3.333333333333333148e-01 1.000000000000000000e+00 6.587777777777777954e-01 2.644490128468484524e+00 1.971086564360894355e-01 2.246734046350428393e+00 1.534811543810535583e-01 -9.823481321334838867e+00
1.373823795883262998e-02 3.000000000000000000e+00 3.333333333333333148e-01 1.000000000000000000e+00 6.587777777777777954e-01 2.647219919505521268e+00 1.973121230468622422e-01 2.248540080592712265e+00 1.536045300074690145e-01 -1.146283698081970215e+01
1.610262027560939099e-02 3.000000000000000000e+00 3.333333333333333148e-01 1.000000000000000000e+00 6.587777777777777954e-01 2.649588855445197400e+00 1.974886931067108553e-01 2.249710013652814755e+00 1.536844516505779523e-01 -1.002717685699462891e+01
1.887391822135097569e-02 3.000000000000000000e+00 3.333333333333333148e-01 1.000000000000000000e+00 6.587777777777777954e-01 2.651511405532502419e+00 1.976319915295562391e-01 2.253844927820726873e+00 1.611319611369334270e-01 -9.765399932861328125e+00
2.212216291070449176e-02 3.000000000000000000e+00 3.333333333333333148e-01 1.000000000000000000e+00 6.587777777777777954e-01 2.652961271963864220e+00 1.977400581928502599e-01 2.253892858956751954e+00 1.611353878314020216e-01 -1.041111040115356445e+01
2.592943797404666934e-02 3.000000000000000000e+00 3.333333333333333148e-01 1.000000000000000000e+00 6.587777777777777954e-01 2.653973358744588396e+00 1.978154946875445297e-01 2.249710679178038131e+00 1.536844971146059391e-01 -9.866982936859130859e+00
3.039195382313197857e-02 3.000000000000000000e+00 3.333333333333333148e-01 1.000000000000000000e+00 6.587777777777777954e-01 2.654632927811009235e+00 1.978646560631569518e-01 2.249067004971002426e+00 1.536405257952138392e-01 -1.158563327789306641e+01
3.562247890262442568e-02 3.000000000000000000e+00 3.333333333333333148e-01 1.000000000000000000e+00 6.587777777777777954e-01 2.655053957781656315e+00 1.978960377843213547e-01 2.248468944729798302e+00 1.535996705029025189e-01 -1.097365880012512207e+01
4.175318936560400152e-02 3.000000000000000000e+00 3.333333333333333148e-01 1.000000000000000000e+00 6.587777777777777954e-01 2.655353489066352601e+00 1.979183635281203113e-01 2.248126012663260287e+00 1.535762437828899762e-01 -1.167570066452026367e+01
4.893900918477493700e-02 3.000000000000000000e+00 3.333333333333333148e-01 1.000000000000000000e+00 6.587777777777777954e-01 2.655630328389627870e+00 1.979389979129765886e-01 2.248197398688213777e+00 1.535811203767771527e-01 -9.988143444061279297e+00
5.736152510448678382e-02 3.000000000000000000e+00 3.333333333333333148e-01 1.000000000000000000e+00 6.587777777777777954e-01 2.655952986706719532e+00 1.979630474439940113e-01 2.248773680767857996e+00 1.536204879374266086e-01 -1.198818063735961914e+01
6.723357536499334486e-02 3.000000000000000000e+00 3.333333333333333148e-01 1.000000000000000000e+00 6.587777777777777954e-01 2.656356210730357326e+00 1.979931019882278376e-01 2.249871467150389215e+00 1.536954810241822067e-01 -1.008238935470581055e+01
7.880462815669912746e-02 3.000000000000000000e+00 3.333333333333333148e-01 1.000000000000000000e+00 6.587777777777777954e-01 2.656842870798842515e+00 1.980293754880634305e-01 2.255183997085704384e+00 1.612276939240922247e-01 -1.008408641815185547e+01
9.236708571873861184e-02 3.000000000000000000e+00 3.333333333333333148e-01 1.000000000000000000e+00 6.587777777777777954e-01 2.657389412024213637e+00 1.980701122658113100e-01 2.257165452460876409e+00 1.613693522017162763e-01 -9.863795042037963867e+00
1.082636733874054596e-01 3.000000000000000000e+00 3.333333333333333148e-01 1.000000000000000000e+00 6.587777777777777954e-01 2.657955057144488986e+00 1.981122729638138680e-01 2.259406215594657041e+00 1.615295489187719424e-01 -1.009304666519165039e+01
1.268961003167922152e-01 3.000000000000000000e+00 3.333333333333333148e-01 1.000000000000000000e+00 6.587777777777777954e-01 2.658494333827663869e+00 1.981524682745558485e-01 2.261757570207925117e+00 1.616976520457828193e-01 -1.023829650878906250e+01
1.487352107293511139e-01 3.000000000000000000e+00 3.333333333333333148e-01 1.000000000000000000e+00 6.587777777777777954e-01 2.658970159056432969e+00 1.981879341931204186e-01 2.264074762151023101e+00 1.618633128139720101e-01 -1.023018479347229004e+01
1.743328822199988193e-01 3.000000000000000000e+00 3.333333333333333148e-01 1.000000000000000000e+00 6.587777777777777954e-01 2.659363420253729071e+00 1.982172461521226614e-01 2.266226723909252172e+00 1.620171609399521651e-01 -1.077445530891418457e+01
2.043359717856941815e-01 3.000000000000000000e+00 3.333333333333333148e-01 1.000000000000000000e+00 6.587777777777777954e-01 2.659675888160328405e+00 1.982405361347874262e-01 2.268101984087751433e+00 1.621512271068271671e-01 -1.029670834541320801e+01
2.395026619987485894e-01 3.000000000000000000e+00 3.333333333333333148e-01 1.000000000000000000e+00 6.587777777777777954e-01 2.659925658043000851e+00 1.982591528826670169e-01 2.269614233000074144e+00 1.622593408594469599e-01 -1.089220786094665527e+01
2.807216203941176880e-01 3.000000000000000000e+00 3.333333333333333148e-01 1.000000000000000000e+00 6.587777777777777954e-01 2.660137148530941076e+00 1.982749164529213071e-01 2.270708478806816366e+00 1.623375707192877271e-01 -1.049214506149291992e+01
3.290344562312667587e-01 3.000000000000000000e+00 3.333333333333333148e-01 1.000000000000000000e+00 6.587777777777777954e-01 2.660330062986224320e+00 1.982892954474498315e-01 2.271366058122760379e+00 1.623845824029546969e-01 -1.095143055915832520e+01
3.856620421163472479e-01 3.000000000000000000e+00 3.333333333333333148e-01 1.000000000000000000e+00 6.587777777777777954e-01 2.660512286448987407e+00 1.983028775824442758e-01 2.271606086495341348e+00 1.624017425198398812e-01 -1.080920171737670898e+01
4.520353656360243111e-01 3.000000000000000000e+00 3.333333333333333148e-01 1.000000000000000000e+00 6.587777777777777954e-01 2.660679480665486984e+00 1.983153395035622268e-01 2.271481837533939174e+00 1.623928597087055115e-01 -1.199378681182861328e+01
5.298316906283707661e-01 3.000000000000000000e+00 3.333333333333333148e-01 1.000000000000000000e+00 6.587777777777777954e-01 2.660820225323497379e+00 1.983258299909882449e-01 2.271071784317263642e+00 1.623635441696647252e-01 -1.069205546379089355e+01
6.210169418915616468e-01 3.000000000000000000e+00 3.333333333333333148e-01 1.000000000000000000e+00 6.587777777777777954e-01 2.660922775302088539e+00 1.983334736150956235e-01 2.270466507193692252e+00 1.623202716761810160e-01 -1.042429494857788086e+01
7.278953843983150263e-01 3.000000000000000000e+00 3.333333333333333148e-01 1.000000000000000000e+00 6.587777777777777954e-01 2.660979771506225333e+00 1.983377218613259219e-01 2.269754469840219890e+00 1.622693666765727960e-01 -1.260081386566162109e+01
8.531678524172805478e-01 3.000000000000000000e+00 3.333333333333333148e-01 1.000000000000000000e+00 6.587777777777777954e-01 2.660989686647424080e+00 1.983384608923168257e-01 2.269010604169309886e+00 1.622161862057708015e-01 -1.153017282485961914e+01
1.000000000000000000e+00 3.000000000000000000e+00 3.333333333333333148e-01 1.000000000000000000e+00 6.587777777777777954e-01 2.660956001131211668e+00 1.983359501221798882e-01 2.268290430426199045e+00 1.621646995191073359e-01 -1.280858278274536133e+01
