# a, ell, eps, ell*eps, acc_rate, tau_int_x, tau_int_x_err, tau_int_x2, tau_int_x2_err, CPU time
1.000000000000000021e-02 4.100000000000000000e+01 2.439024390243902524e-02 1.000000000000000000e+00 6.175555555555555243e-01 9.984621971080585467e+01 4.217772417653245753e+01 4.247452673471993023e+01 1.172652548256003335e+01 -3.271043300628662109e+01
1.172102297533480011e-02 3.200000000000000000e+01 3.125000000000000000e-02 1.000000000000000000e+00 6.218888888888889355e-01 1.046921653456007988e+02 4.525910102871948482e+01 3.584284645427273830e+01 9.114707355646823217e+00 -2.618196678161621094e+01
1.373823795883262998e-02 3.500000000000000000e+01 2.857142857142857054e-02 1.000000000000000000e+00 6.196666666666666989e-01 7.419008679246287841e+01 2.702257854309196716e+01 2.861052785725644654e+01 6.510248619507678747e+00 -3.009760594367980957e+01
1.610262027560939099e-02 2.900000000000000000e+01 3.448275862068965469e-02 1.000000000000000000e+00 6.416666666666667185e-01 6.056898213528700836e+01 1.996633934559978130e+01 2.347539296486718285e+01 4.836412083749980440e+00 -2.399187469482421875e+01
1.887391822135097569e-02 2.800000000000000000e+01 3.571428571428571230e-02 1.000000000000000000e+00 6.169999999999999929e-01 5.937035631125360169e+01 1.937006843837835390e+01 2.238871823845423492e+01 4.514903983180926339e+00 -2.269852828979492188e+01
2.212216291070449176e-02 2.700000000000000000e+01 3.703703703703703498e-02 1.000000000000000000e+00 6.129999999999999893e-01 5.397969075936504169e+01 1.678296789603711403e+01 2.193236570388244289e+01 4.374271522869001672e+00 -2.155607604980468750e+01
2.592943797404666934e-02 2.100000000000000000e+01 4.761904761904761640e-02 1.000000000000000000e+00 6.038888888888889195e-01 5.319939036181572334e+01 1.642589509050158014e+01 1.821060693352384163e+01 3.313685579136878445e+00 -1.881746006011962891e+01
3.039195382313197857e-02 2.200000000000000000e+01 4.545454545454545581e-02 1.000000000000000000e+00 6.257777777777777661e-01 3.985643654872669828e+01 1.067808740260107214e+01 1.623015218660147951e+01 2.790243825268981848e+00 -1.789860200881958008e+01
3.562247890262442568e-02 2.200000000000000000e+01 4.545454545454545581e-02 1.000000000000000000e+00 6.183333333333332904e-01 3.347258125510120408e+01 8.214243883283943504e+00 1.343143438307223114e+01 2.109490759197690135e+00 -1.853785562515258789e+01
4.175318936560400152e-02 1.900000000000000000e+01 5.263157894736841813e-02 1.000000000000000000e+00 6.441111111111110787e-01 2.940797381574672542e+01 6.777316952296537522e+00 1.124610388373324810e+01 1.616729296960444984e+00 -1.593379640579223633e+01
4.893900918477493700e-02 1.500000000000000000e+01 6.666666666666666574e-02 1.000000000000000000e+00 6.222222222222222321e-01 2.647412003338179431e+01 5.786747153463105420e+00 1.057802963843238864e+01 1.487625197854195891e+00 -1.374456930160522461e+01
5.736152510448678382e-02 1.600000000000000000e+01 6.250000000000000000e-02 1.000000000000000000e+00 6.142222222222222250e-01 2.314215520414330740e+01 4.742730499901044006e+00 8.982783341051515436e+00 1.159672342749397789e+00 -1.406227207183837891e+01
6.723357536499334486e-02 1.600000000000000000e+01 6.250000000000000000e-02 1.000000000000000000e+00 6.043333333333332780e-01 1.994158098627040943e+01 3.795308926492545698e+00 8.410809540625749037e+00 1.056478628498819683e+00 -1.504012393951416016e+01
7.880462815669912746e-02 1.500000000000000000e+01 6.666666666666666574e-02 1.000000000000000000e+00 6.463333333333333153e-01 1.645659762761151512e+01 2.850366321074059517e+00 6.970613041631315454e+00 7.981614045060023699e-01 -1.427581334114074707e+01
9.236708571873861184e-02 1.200000000000000000e+01 8.333333333333332871e-02 1.000000000000000000e+00 6.146666666666666945e-01 1.541000122269431749e+01 2.588798669730675961e+00 6.603067154495263935e+00 7.431506895593066320e-01 -1.122179532051086426e+01
1.082636733874054596e-01 1.000000000000000000e+01 1.000000000000000056e-01 1.000000000000000000e+00 6.386666666666667158e-01 1.255096234152023804e+01 1.917191165818556087e+00 5.608959806707431106e+00 5.852940525068884847e-01 -9.853637456893920898e+00
1.268961003167922152e-01 9.000000000000000000e+00 1.111111111111111049e-01 1.000000000000000000e+00 6.302222222222222392e-01 1.119416818110311418e+01 1.609263069290094661e+00 4.998943542179979715e+00 4.886593385375554988e-01 -9.635507822036743164e+00
1.487352107293511139e-01 1.000000000000000000e+01 1.000000000000000056e-01 1.000000000000000000e+00 6.206666666666666998e-01 9.415917438935867523e+00 1.247584385578935917e+00 4.599006213492526918e+00 4.389849868912141795e-01 -1.125465512275695801e+01
1.743328822199988193e-01 1.100000000000000000e+01 9.090909090909091161e-02 1.000000000000000000e+00 6.703333333333333366e-01 7.586472189094249252e+00 9.117804825886950404e-01 3.800995715216723969e+00 3.352163132295179482e-01 -1.166893553733825684e+01
2.043359717856941815e-01 1.000000000000000000e+01 1.000000000000000056e-01 1.000000000000000000e+00 6.396666666666667167e-01 6.909934276533760134e+00 7.912134577350795617e-01 3.629468068100261569e+00 3.108090764772418191e-01 -1.035714673995971680e+01
2.395026619987485894e-01 9.000000000000000000e+00 1.111111111111111049e-01 1.000000000000000000e+00 6.408888888888888413e-01 5.963983231398677809e+00 6.349144990914805664e-01 3.294788818087221571e+00 2.734652665450791331e-01 -9.386000156402587891e+00
2.807216203941176880e-01 8.000000000000000000e+00 1.250000000000000000e-01 1.000000000000000000e+00 6.525555555555555554e-01 5.066531722457026099e+00 5.066531722457026099e-01 2.921234683728154202e+00 2.262778656088526297e-01 -9.143923521041870117e+00
3.290344562312667587e-01 7.000000000000000000e+00 1.428571428571428492e-01 1.000000000000000000e+00 6.716666666666666341e-01 4.240297863446474302e+00 3.844952422528075120e-01 2.642901798469006636e+00 1.969902693077716094e-01 -8.451626300811767578e+00
3.856620421163472479e-01 6.000000000000000000e+00 1.666666666666666574e-01 1.000000000000000000e+00 6.771111111111111081e-01 3.615528352165847892e+00 3.096153505221880264e-01 2.450636796401362005e+00 1.752010123519430196e-01 -8.464157581329345703e+00
4.520353656360243111e-01 5.000000000000000000e+00 2.000000000000000111e-01 1.000000000000000000e+00 6.577777777777777946e-01 3.212959475292540112e+00 2.579277026637465942e-01 2.416966102366469471e+00 1.727938259054780656e-01 -6.860191345214843750e+00
5.298316906283707661e-01 4.000000000000000000e+00 2.500000000000000000e-01 1.000000000000000000e+00 5.804444444444444295e-01 3.092002046206156596e+00 2.482175671814049189e-01 2.617559130970647630e+00 1.951013383991881123e-01 -6.465277194976806641e+00
6.210169418915616468e-01 4.000000000000000000e+00 2.500000000000000000e-01 1.000000000000000000e+00 6.801111111111111107e-01 2.481246791588351375e+00 1.773893832083358602e-01 2.355825379147256093e+00 1.684227511629188823e-01 -7.202001810073852539e+00
7.278953843983150263e-01 3.000000000000000000e+00 3.333333333333333148e-01 1.000000000000000000e+00 4.983333333333333504e-01 2.820899915945826564e+00 2.185059679155217649e-01 3.209234343256345934e+00 2.576286591321977903e-01 -5.750933885574340820e+00
8.531678524172805478e-01 4.000000000000000000e+00 2.500000000000000000e-01 1.000000000000000000e+00 6.496666666666666146e-01 2.205890407418008792e+00 1.506910026660993329e-01 2.393937909031820688e+00 1.711474934947384008e-01 -6.547056913375854492e+00
1.000000000000000000e+00 4.000000000000000000e+00 2.500000000000000000e-01 1.000000000000000000e+00 6.217777777777777626e-01 2.158393367218474967e+00 1.474463371164098091e-01 2.461694657599966973e+00 1.759915613550787628e-01 -7.027420282363891602e+00
