# beta, ell, eps, acc_rate, s_avg, s_err, IAT_s, IAT_s_err, c_avg, c_err, IAT_c, IAT_c_err, chi_avg, chi_err, IAT_chi, IAT_chi_err
1.000000000000000056e-01 2.000000000000000000e+00 5.000000000000000000e-01 7.102222222222221992e-01 3.454885946543496678e-01 4.363270572993613317e-03 6.705984711540007304e-01 1.182824522835738412e-01 3.438645495668490315e-01 4.518822792567244936e-03 7.067030754867928977e-01 1.246507059001707163e-01 2.950773958968601729e+00 6.793243251532916915e-02 8.745860911651270886e-01 1.749172182330254177e-01
3.578947368421052655e-01 4.000000000000000000e+00 2.500000000000000000e-01 7.279999999999999805e-01 1.235471993565161020e+00 5.087860828879910494e-03 9.366116714362857643e-01 2.070926325614527996e-01 1.230015062311453189e+00 8.150466325570373052e-03 1.587659971039685924e+00 4.099320418184568271e-01 5.555909410728510522e+00 1.640874236926294361e-01 8.758515168358091962e-01 1.751703033671618559e-01
6.157894736842105532e-01 6.000000000000000000e+00 1.666666666666666574e-01 7.408888888888889301e-01 2.190403207790868390e+00 5.475968368814951130e-03 1.021919082544035184e+00 2.259548108601862060e-01 2.180742431460249264e+00 1.109371795580630857e-02 1.631960775739443203e+00 4.213704604068400084e-01 1.553483306979966017e+01 5.697110431916780904e-01 9.803148908375949322e-01 1.960629781675189975e-01
8.736842105263158409e-01 8.000000000000000000e+00 1.250000000000000000e-01 7.543333333333333002e-01 3.001288720949595756e+00 4.843491574983639809e-03 1.099108135488759519e+00 2.430219526295547550e-01 2.987933326428214631e+00 1.511249703056506341e-02 2.100311757880561903e+00 6.103364468354424144e-01 4.579085916145483282e+01 4.136543749173914541e+00 4.489630100769954169e+00 1.820623583457499750e+00
1.131578947368421240e+00 1.000000000000000000e+01 1.000000000000000056e-01 7.855555555555555625e-01 3.490330627603850822e+00 3.238346831397257482e-03 1.020172838278808225e+00 2.255687017255150473e-01 3.474916363623871352e+00 1.627343536181763764e-02 2.060339283218235451e+00 5.987207149970210640e-01 8.568911521964861322e+01 6.628560704389625968e+00 3.539756306835204924e+00 1.313901934553324269e+00
1.389473684210526638e+00 1.000000000000000000e+01 1.000000000000000056e-01 7.342222222222222205e-01 3.769541652672590448e+00 3.167297055577476556e-03 1.718105096982326607e+00 4.436128285097752921e-01 3.752960060114761909e+00 1.811963871854462005e-02 2.274318065872265926e+00 6.948156460843480930e-01 9.442738685312104963e+01 9.732886111620045355e+00 5.565141173551867659e+00 2.543512379222808484e+00
1.647368421052631815e+00 1.000000000000000000e+01 1.000000000000000056e-01 6.781111111111111089e-01 3.961201587818670600e+00 2.424340760893837609e-03 1.169754128034993457e+00 2.586423693107615662e-01 3.943466078326671731e+00 1.768581698386443093e-02 1.980350040026378267e+00 5.443461593816613098e-01 8.948799664690045574e+01 8.855388420550605488e+00 4.266448160753964380e+00 1.730119400646264571e+00
1.905263157894736992e+00 1.000000000000000000e+01 1.000000000000000056e-01 6.252222222222222348e-01 4.090726765838642365e+00 2.179838249673935521e-03 1.265296237285154390e+00 3.041393641455516494e-01 4.072384010954551492e+00 1.802551483346633357e-02 1.947493088958837770e+00 5.353146473958465545e-01 9.974821960341148497e+01 1.157879270988181908e+01 5.729562502880488850e+00 2.618660102077196239e+00
2.163157894736842390e+00 1.100000000000000000e+01 9.090909090909091161e-02 6.278888888888889408e-01 4.195104762724990444e+00 1.989622517278684648e-03 1.304270256801701500e+00 3.135075525307413069e-01 4.176480159792662405e+00 1.882954134675747168e-02 2.028501328953785432e+00 5.894688199831672470e-01 1.277088593064208908e+02 1.114165434624967332e+01 4.215796789849802551e+00 1.662732677205778664e+00
2.421052631578947789e+00 1.200000000000000000e+01 8.333333333333332871e-02 6.474444444444444891e-01 4.270060179741374640e+00 1.646382962241878028e-03 1.324100974135175690e+00 3.182742637424128551e-01 4.251131033126043235e+00 1.871935075970528745e-02 1.947491013121721348e+00 5.353140768028004093e-01 1.111684559486279653e+02 1.362294774019463617e+01 6.803329354230601922e+00 3.424267348870567496e+00
2.678947368421053188e+00 1.200000000000000000e+01 8.333333333333332871e-02 6.107777777777777528e-01 4.332251700854219401e+00 1.582328952223045022e-03 1.349281082298948053e+00 3.243268084828269116e-01 4.313083689066769644e+00 1.914641768431440613e-02 1.982454843681435097e+00 5.449247145677269533e-01 1.253005776338757187e+02 1.221836521581752599e+01 4.823496437150408767e+00 2.059029796392584988e+00
2.936842105263158142e+00 1.300000000000000000e+01 7.692307692307692735e-02 6.362222222222222445e-01 4.385497947321025158e+00 1.588110122153249537e-03 1.802660191756469743e+00 4.955038918472073894e-01 4.366120722325307568e+00 1.940721375177298022e-02 1.991924216948813164e+00 5.475275963137136159e-01 1.156786774222561860e+02 1.580128794946634407e+01 7.493391697547760799e+00 3.901684005147601386e+00
3.194736842105263541e+00 1.300000000000000000e+01 7.692307692307692735e-02 6.085555555555555163e-01 4.426306089185011672e+00 1.461380258294731060e-03 1.502539169238879424e+00 4.130085134266472946e-01 4.406669399462753489e+00 1.976269557261332507e-02 2.027701999467136140e+00 5.892365402195074431e-01 1.367815326452278271e+02 1.366250193950559400e+01 5.930081863996334413e+00 2.823283680475319635e+00
3.452631578947368940e+00 1.400000000000000000e+01 7.142857142857142461e-02 6.392222222222222472e-01 4.462248071017247852e+00 1.346286454211275069e-03 1.659190323643290110e+00 4.560677971589357504e-01 4.442386169891160641e+00 1.984848154380309052e-02 2.015708212807299393e+00 5.857512266194664363e-01 1.272389088326654161e+02 1.203129838347691027e+01 4.073320914601026743e+00 1.606539434196531557e+00
3.710526315789473895e+00 1.500000000000000000e+01 6.666666666666666574e-02 6.563333333333333242e-01 4.491312324179803639e+00 1.291181707729337344e-03 1.653990592244596325e+00 4.546385277068253905e-01 4.471335683965694585e+00 1.998441034109479930e-02 2.018235730821587026e+00 5.864857063262837178e-01 1.262732726766547842e+02 1.348733032655670350e+01 5.864965157003474872e+00 2.736983739934955029e+00
3.968421052631579293e+00 1.500000000000000000e+01 6.666666666666666574e-02 6.396666666666667167e-01 4.520052666354199999e+00 1.134449416412126833e-03 1.474917151182603359e+00 3.545259610433432185e-01 4.500011118988081371e+00 2.002856505133899373e-02 2.002889787873828542e+00 5.820262786927756782e-01 1.361915776662173698e+02 2.620446440084725026e+01 1.637220877747737902e+01 1.258756816928509892e+01
4.226315789473684248e+00 1.500000000000000000e+01 6.666666666666666574e-02 6.284444444444444722e-01 4.542605673630993657e+00 9.580507029324035863e-04 1.324318548282961139e+00 3.183265620588165978e-01 4.522490046853774537e+00 2.007450209147764592e-02 1.993638885001963512e+00 5.479989134801144246e-01 1.257663647252651344e+02 1.966145734190039107e+01 9.741530309709100166e+00 5.772307687657801445e+00
4.484210526315789203e+00 1.600000000000000000e+01 6.250000000000000000e-02 6.403333333333333099e-01 4.563301215918689202e+00 8.255119622218005200e-04 1.149764139778458816e+00 2.542224166033925092e-01 4.542983235528165409e+00 2.022490426973234251e-02 2.006376547532634724e+00 5.830395075589857035e-01 1.296448802415796138e+02 1.668677207084579805e+01 6.994770720185623958e+00 3.520624056672067237e+00
4.742105263157895045e+00 1.600000000000000000e+01 6.250000000000000000e-02 6.076666666666666883e-01 4.583200810052542984e+00 1.092961435015883708e-03 1.987117216099103523e+00 5.462062781639944742e-01 4.562966952166702228e+00 2.026117102686076157e-02 1.995679494381346508e+00 5.485598233475691421e-01 1.653724010546216050e+02 1.821324986841132088e+01 6.111111777728067906e+00 2.909471158631350196e+00
5.000000000000000000e+00 1.700000000000000000e+01 5.882352941176470507e-02 6.354444444444444784e-01 4.596917585327034317e+00 9.540477659857445275e-04 1.866014054811628409e+00 5.129182031250297813e-01 4.576545133916264163e+00 2.036914879669657688e-02 2.006207207039235385e+00 5.829902983524672955e-01 1.359042376904112928e+02 1.933039281851987923e+01 8.396911202005124863e+00 4.649998864358657613e+00
