# N=16, a=1.000, runs=5000, thinning=20, burn in fraction=0.10, acceleration=False 
# beta, ell, eps, acc_rate, e_avg, e_err, IAT_e, IAT_e_err
1.000000000000000021e-02 1.000000000000000000e+00 1.000000000000000000e+00 8.091111111111111143e-01 6.160675392845006530e-03 1.180971809916251314e-03 6.575109913056711441e-01 1.859721922627716739e-01
2.200000000000000289e-01 3.000000000000000000e+00 3.333333333333333148e-01 7.973333333333333384e-01 1.123933898241357837e-01 1.159285626812124473e-03 6.511767608329077639e-01 1.624320224843985028e-01
4.300000000000000488e-01 4.000000000000000000e+00 2.500000000000000000e-01 7.413333333333332886e-01 2.281315488444722872e-01 1.574277679246786866e-03 9.060679646450675584e-01 2.833223640561575163e-01
6.400000000000001243e-01 5.000000000000000000e+00 2.000000000000000111e-01 7.279999999999999805e-01 3.549861668793998226e-01 1.798053310167056296e-03 9.845664542209824344e-01 2.784774465233804674e-01
8.500000000000000888e-01 5.000000000000000000e+00 2.000000000000000111e-01 6.204444444444444651e-01 4.901455124776413763e-01 1.308379307710673921e-03 7.394616449547077863e-01 1.844541417387194626e-01
1.060000000000000053e+00 6.000000000000000000e+00 1.666666666666666574e-01 6.184444444444444633e-01 6.082678455378383031e-01 1.343524623941050322e-03 9.619285679091129637e-01 2.720744853542392816e-01
1.270000000000000240e+00 7.000000000000000000e+00 1.428571428571428492e-01 6.446666666666667211e-01 6.848768585235194273e-01 1.176572332539213041e-03 1.163189501362964950e+00 3.954083976970679259e-01
1.480000000000000204e+00 8.000000000000000000e+00 1.250000000000000000e-01 6.457777777777777839e-01 7.304393051151575333e-01 8.855675595205752442e-04 9.500034717605967405e-01 2.970607503888583745e-01
1.690000000000000169e+00 8.000000000000000000e+00 1.250000000000000000e-01 5.993333333333333846e-01 7.664320232250871889e-01 8.569497821753486577e-04 1.253800684566923618e+00 4.262102771175156901e-01
1.900000000000000133e+00 1.000000000000000000e+01 1.000000000000000056e-01 6.813333333333333464e-01 7.952020498430435458e-01 8.240869294433056554e-04 1.422000318702528965e+00 4.833871582266235922e-01
2.109999999999999876e+00 1.000000000000000000e+01 1.000000000000000056e-01 6.640000000000000346e-01 8.165084102888360285e-01 7.179043678343011072e-04 1.300604784848975903e+00 4.421206118278048769e-01
2.319999999999999840e+00 1.000000000000000000e+01 1.000000000000000056e-01 6.542222222222222605e-01 8.337291839758873557e-01 6.426075498015167142e-04 1.199118517026642738e+00 4.076219144952862306e-01
2.530000000000000249e+00 1.000000000000000000e+01 1.000000000000000056e-01 6.331111111111110690e-01 8.477277345895805061e-01 4.541781340466365439e-04 7.904011466968090538e-01 2.235592042747747143e-01
2.740000000000000213e+00 1.100000000000000000e+01 9.090909090909091161e-02 6.560000000000000275e-01 8.594424027462649329e-01 4.300623392802964472e-04 8.425216903104169042e-01 2.383011202060992539e-01
2.950000000000000178e+00 1.100000000000000000e+01 9.090909090909091161e-02 6.217777777777777626e-01 8.689156826904969044e-01 4.269907325170257451e-04 9.122984554622599607e-01 2.580369697293510289e-01
3.160000000000000142e+00 1.200000000000000000e+01 8.333333333333332871e-02 6.544444444444444953e-01 8.778266360666424628e-01 3.971769672153729587e-04 9.250469768108258162e-01 2.892569945740344206e-01
3.370000000000000107e+00 1.200000000000000000e+01 8.333333333333332871e-02 6.106666666666666909e-01 8.857691626170524080e-01 3.938081784707395377e-04 9.310973728998492849e-01 2.911489194519763513e-01
3.580000000000000071e+00 1.300000000000000000e+01 7.692307692307692735e-02 6.317777777777777715e-01 8.931477894019154151e-01 4.900062449822855130e-04 1.692226728558473337e+00 6.179138344297649965e-01
3.790000000000000036e+00 1.300000000000000000e+01 7.692307692307692735e-02 6.184444444444444633e-01 8.991862953081741772e-01 4.994465415141919554e-04 1.861569674172886213e+00 7.236482146003292426e-01
4.000000000000000000e+00 1.300000000000000000e+01 7.692307692307692735e-02 6.079999999999999849e-01 9.043648727657516151e-01 4.704148999622753831e-04 1.898508902445973590e+00 7.380076054732014335e-01
