# a, ell, eps, ell*eps, acc_rate, tau_int
5.000000000000000278e-02 1.000000000000000000e+01 1.000000000000000056e-01 1.000000000000000000e+00 6.905555555555555891e-01 1.881753038922793886e+00
8.275862068965517127e-02 1.000000000000000000e+01 1.068965517241379365e-01 1.068965517241379448e+00 7.009555555555555539e-01 1.843947422477956621e+00
1.155172413793103398e-01 7.000000000000000000e+00 1.251724137931034542e-01 8.762068965517242347e-01 7.872222222222222676e-01 1.646132572584994902e+00
1.482758620689655082e-01 7.000000000000000000e+00 1.327586206896551879e-01 9.293103448275863432e-01 7.646222222222222031e-01 1.642921423646442003e+00
1.810344827586206629e-01 7.000000000000000000e+00 1.403448275862069217e-01 9.824137931034484517e-01 7.653111111111111642e-01 1.765545699602417251e+00
2.137931034482758452e-01 6.000000000000000000e+00 1.479310344827586277e-01 8.875862068965517659e-01 7.778888888888888520e-01 1.481909840522755539e+00
2.465517241379310276e-01 6.000000000000000000e+00 1.555172413793103614e-01 9.331034482758622239e-01 7.962444444444444214e-01 1.643853295696039662e+00
2.793103448275861544e-01 5.000000000000000000e+00 1.794137931034482936e-01 8.970689655172414678e-01 7.884888888888889058e-01 1.482051252197328139e+00
3.120689655172413368e-01 5.000000000000000000e+00 1.877586206896552090e-01 9.387931034482760451e-01 7.954222222222222527e-01 1.434702098407159232e+00
3.448275862068965192e-01 4.000000000000000000e+00 2.372851724137931828e-01 9.491406896551727312e-01 6.926888888888889095e-01 1.485219061274281938e+00
3.775862068965517016e-01 4.000000000000000000e+00 2.473824137931035505e-01 9.895296551724142020e-01 6.868666666666666254e-01 1.499010841861809551e+00
4.103448275862068284e-01 3.000000000000000000e+00 2.832276206896552906e-01 8.496828620689658162e-01 7.508666666666666822e-01 1.533459527368307374e+00
4.431034482758620108e-01 3.000000000000000000e+00 2.943345862068966201e-01 8.830037586206898048e-01 7.444666666666667210e-01 1.462033478619844562e+00
4.758620689655171931e-01 3.000000000000000000e+00 3.054415517241380607e-01 9.163246551724142375e-01 7.385555555555555207e-01 1.450695237719656250e+00
5.086206896551723755e-01 3.000000000000000000e+00 3.165485172413794457e-01 9.496455517241383371e-01 7.266666666666666829e-01 1.553381446178981884e+00
5.413793103448275579e-01 3.000000000000000000e+00 3.276554827586207752e-01 9.829664482758623256e-01 7.097777777777777297e-01 1.489044945849933299e+00
5.741379310344827402e-01 2.000000000000000000e+00 3.387624482758621602e-01 6.775248965517243205e-01 6.957111111111110580e-01 1.546217559511315454e+00
6.068965517241379226e-01 2.000000000000000000e+00 3.498694137931036008e-01 6.997388275862072016e-01 7.059555555555555584e-01 1.469193105500605112e+00
6.396551724137931050e-01 2.000000000000000000e+00 3.609763793103449858e-01 7.219527586206899716e-01 7.071555555555555372e-01 1.507547484755738187e+00
6.724137931034482873e-01 2.000000000000000000e+00 3.382575862068967210e-01 6.765151724137934419e-01 6.827555555555555600e-01 1.524395543665415520e+00
7.051724137931034697e-01 2.000000000000000000e+00 3.483548275862070054e-01 6.967096551724140108e-01 6.827999999999999625e-01 1.526148929794817866e+00
7.379310344827585411e-01 2.000000000000000000e+00 3.584520689655173453e-01 7.169041379310346906e-01 6.819555555555555371e-01 1.519001040298347371e+00
7.706896551724137234e-01 2.000000000000000000e+00 3.350448275862069614e-01 6.700896551724139227e-01 6.664666666666666517e-01 1.524656044324082860e+00
8.034482758620689058e-01 2.000000000000000000e+00 3.442241379310345128e-01 6.884482758620690257e-01 6.686444444444444857e-01 1.486566736926253407e+00
8.362068965517240882e-01 2.000000000000000000e+00 3.534034482758621198e-01 7.068068965517242397e-01 6.666222222222222271e-01 1.459519682798342766e+00
8.689655172413792705e-01 2.000000000000000000e+00 3.625827586206897823e-01 7.251655172413795647e-01 6.681333333333333568e-01 1.516155464736714364e+00
9.017241379310344529e-01 2.000000000000000000e+00 3.379655172413793540e-01 6.759310344827587080e-01 6.742444444444444240e-01 1.518342627666811717e+00
9.344827586206896353e-01 2.000000000000000000e+00 3.463103448275862695e-01 6.926206896551725389e-01 6.662444444444444169e-01 1.497641058496461230e+00
9.672413793103447066e-01 2.000000000000000000e+00 3.546551724137931294e-01 7.093103448275862588e-01 6.698444444444444645e-01 1.478665137286956588e+00
1.000000000000000000e+00 2.000000000000000000e+00 3.630000000000000449e-01 7.260000000000000897e-01 6.580888888888888344e-01 1.511736231954172283e+00
